0 255 50
255 0 100
112 128 255
210 180 140
51 161 201
220 220 80
0 0 255
56 94 15
139 69 19
8 46 84
115 74 18
210 105 30
128 42 42
200 0 200
255 0 0
46 139 87
255 0 250
160 32 240
127 255 212
65 105 225
113 79 68
251 194 170
135 166 3
144 115 152
2 40 88
206 214 203
182 78 211
57 228 2
10 119 8
246 45 16
68 163 40
173 228 74
60 150 101
133 182 41
247 174 250
196 90 190
163 7 225
244 52 219
113 115 251
10 250 15
70 238 66
176 37 152
201 248 118
237 50 206
208 213 179
14 62 234
161 40 80
155 144 136
168 211 18
58 173 186
103 135 177
77 137 184
12 18 100
213 171 32
195 202 110
153 79 60
7 65 164
35 135 81
146 88 134
47 152 241
248 166 49
242 94 233
144 151 244
136 136 44
66 59 243
177 232 170
71 53 96
193 67 204
159 160 78
218 180 158
253 166 124
139 111 204
62 251 246
166 106 232
57 131 206
192 97 157
66 161 48
34 196 62
96 206 110
60 103 122
88 104 230
100 156 227
5 113 144
58 62 214
84 181 179
50 0 61
132 8 132
96 100 43
171 253 234
50 60 90